3.700000E-02
3.700000E-02
3.700000E-02
3.700000E-02
3.700000E-02
3.700000E-02
3.700000E-02
3.700000E-02
3.700000E-02
3.700000E-02
3.700000E-02
3.700000E-02
3.700000E-02
3.700000E-02
3.700000E-02
3.700000E-02
3.700000E-02
3.700000E-02
3.700000E-02
3.700000E-02
3.700000E-02
3.700000E-02
3.700000E-02
3.700000E-02
3.700000E-02
3.700000E-02
3.700000E-02
3.700000E-02
3.700000E-02
3.700000E-02
3.700000E-02
3.700000E-02
3.700000E-02
3.700000E-02
3.700000E-02
3.700000E-02
3.700000E-02
3.700000E-02
3.700000E-02
3.700000E-02
3.700000E-02
3.700000E-02
3.700000E-02
3.700000E-02
3.700000E-02
3.700000E-02
3.700000E-02
3.700000E-02
3.700000E-02
3.700000E-02
3.700000E-02
3.700000E-02
3.700000E-02
3.700000E-02
3.700000E-02
3.700000E-02
3.700000E-02
3.700000E-02
3.700000E-02
3.700000E-02
3.700000E-02
3.700000E-02
3.700000E-02
3.700000E-02
3.700000E-02
3.700000E-02
3.700000E-02
3.700000E-02
3.700000E-02
3.700000E-02
3.700000E-02
3.700000E-02
3.700000E-02
3.700000E-02
3.700000E-02
3.700000E-02
3.700000E-02
3.700000E-02
3.700000E-02
3.700000E-02
3.700000E-02
3.700000E-02
3.700000E-02
3.700000E-02
3.700000E-02
3.700000E-02
3.700000E-02
3.700000E-02
3.700000E-02
3.700000E-02
3.700000E-02
3.700000E-02
3.700000E-02
3.700000E-02
3.700000E-02
3.700000E-02
3.700000E-02
3.700000E-02
3.700000E-02
3.700000E-02
3.700000E-02
3.700000E-02
3.700000E-02
3.700000E-02
3.700000E-02
3.700000E-02
3.700000E-02
3.700000E-02
3.700000E-02
3.700000E-02
3.700000E-02
3.700000E-02
3.700000E-02
3.700000E-02
3.700000E-02
3.700000E-02
3.700000E-02
3.700000E-02
3.700000E-02
3.700000E-02
3.700000E-02
3.700000E-02
3.700000E-02
3.700000E-02
3.700000E-02
3.700000E-02
3.700000E-02
3.700000E-02
3.700000E-02
3.700000E-02
3.700000E-02
3.700000E-02
3.700000E-02
3.700000E-02
3.700000E-02
3.700000E-02
3.700000E-02
3.700000E-02
3.700000E-02
3.700000E-02
3.700000E-02
3.700000E-02
3.700000E-02
3.700000E-02
3.700000E-02
3.700000E-02
3.700000E-02
3.700000E-02
3.700000E-02
3.700000E-02
3.700000E-02
3.700000E-02
3.700000E-02
3.700000E-02
3.700000E-02
3.700000E-02
3.700000E-02
3.700000E-02
3.700000E-02
3.700000E-02
3.700000E-02
3.700000E-02
3.700000E-02
3.700000E-02
3.700000E-02
3.700000E-02
3.700000E-02
3.700000E-02
3.700000E-02
3.700000E-02
3.700000E-02
3.700000E-02
3.700000E-02
3.700000E-02
3.700000E-02
3.700000E-02
3.700000E-02
3.700000E-02
3.700000E-02
3.700000E-02
3.700000E-02
3.700000E-02
3.700000E-02
3.700000E-02
3.700000E-02
3.700000E-02
3.700000E-02
3.700000E-02
3.700000E-02
3.700000E-02
3.700000E-02
3.700000E-02
3.700000E-02
3.700000E-02
3.700000E-02
3.700000E-02
3.700000E-02
3.700000E-02
3.700000E-02
3.700000E-02
3.700000E-02
3.700000E-02
3.700000E-02
3.700000E-02
3.700000E-02
3.700000E-02
3.700000E-02
3.700000E-02
3.700000E-02
3.700000E-02
3.700000E-02
3.700000E-02
3.702094E-02
3.706677E-02
3.711266E-02
3.715861E-02
3.720463E-02
3.725070E-02
3.729684E-02
3.734304E-02
3.738930E-02
3.743562E-02
3.748201E-02
3.752845E-02
3.757496E-02
3.762153E-02
3.766817E-02
3.771486E-02
3.776162E-02
3.780844E-02
3.785533E-02
3.790227E-02
3.794928E-02
3.799636E-02
3.804349E-02
3.809069E-02
3.813796E-02
3.818528E-02
3.823267E-02
3.828013E-02
3.832765E-02
3.837523E-02
3.842288E-02
3.847059E-02
3.851836E-02
3.856620E-02
3.861411E-02
3.866208E-02
3.871011E-02
3.875821E-02
3.880638E-02
3.885461E-02
3.890290E-02
3.895126E-02
3.899969E-02
3.904818E-02
3.909674E-02
3.914537E-02
3.919406E-02
3.924282E-02
3.929164E-02
3.934053E-02
3.938949E-02
3.943851E-02
3.948760E-02
3.953676E-02
3.958598E-02
3.963528E-02
3.968464E-02
3.973406E-02
3.978356E-02
3.983312E-02
3.988275E-02
3.993245E-02
3.998222E-02
4.003205E-02
4.008196E-02
4.013193E-02
4.018197E-02
4.023208E-02
4.028226E-02
4.033251E-02
4.038283E-02
4.043321E-02
4.048367E-02
4.053420E-02
4.058479E-02
4.063546E-02
4.068620E-02
4.073700E-02
4.078788E-02
4.083883E-02
4.088985E-02
4.094094E-02
4.099210E-02
4.104333E-02
4.109463E-02
4.114600E-02
4.119745E-02
4.124897E-02
4.130056E-02
4.135222E-02
4.140395E-02
4.145576E-02
4.150764E-02
4.155959E-02
4.161161E-02
4.166371E-02
4.171588E-02
4.176812E-02
4.182044E-02
4.187283E-02
4.192529E-02
4.197783E-02
4.203044E-02
4.208312E-02
4.213588E-02
4.218871E-02
4.224162E-02
4.229461E-02
4.234766E-02
4.240080E-02
4.245401E-02
4.250729E-02
4.256065E-02
4.261408E-02
4.266760E-02
4.272118E-02
4.277485E-02
4.282858E-02
4.288240E-02
4.293629E-02
4.299026E-02
4.304431E-02
4.309843E-02
4.315263E-02
4.320691E-02
4.326127E-02
4.331570E-02
4.337022E-02
4.342481E-02
4.347947E-02
4.353422E-02
4.358905E-02
4.364395E-02
4.369894E-02
4.375400E-02
4.380914E-02
4.386437E-02
4.391967E-02
4.397505E-02
4.403051E-02
4.408606E-02
4.414168E-02
4.419738E-02
4.425317E-02
4.430903E-02
4.436498E-02
4.442101E-02
4.447712E-02
4.453331E-02
4.458958E-02
4.464594E-02
4.470238E-02
4.475890E-02
4.481550E-02
4.487219E-02
4.492896E-02
4.498581E-02
4.504275E-02
4.509977E-02
4.515687E-02
4.521406E-02
4.527134E-02
4.532869E-02
4.538613E-02
4.544366E-02
4.550127E-02
4.555897E-02
4.561675E-02
4.567462E-02
4.573258E-02
4.579062E-02
4.584875E-02
4.590696E-02
4.596526E-02
4.602365E-02
4.608212E-02
4.614068E-02
4.619933E-02
4.625807E-02
4.631690E-02
4.637581E-02
4.643481E-02
4.649390E-02
4.655308E-02
4.661235E-02
4.667171E-02
4.673116E-02
4.679070E-02
4.685033E-02
4.691004E-02
4.696985E-02
4.702975E-02
4.708974E-02
4.714983E-02
4.721000E-02
4.727026E-02
4.733062E-02
4.739107E-02
4.745161E-02
4.751224E-02
4.757297E-02
4.763379E-02
4.769470E-02
4.775571E-02
4.781681E-02
4.787800E-02
4.793929E-02
4.800068E-02
4.806215E-02
4.812373E-02
4.818540E-02
4.824716E-02
4.830902E-02
4.837098E-02
4.843303E-02
4.849518E-02
4.855742E-02
4.861976E-02
4.868220E-02
4.874474E-02
4.880738E-02
4.887011E-02
4.893294E-02
4.899587E-02
4.905890E-02
4.912203E-02
4.918526E-02
4.924859E-02
4.931202E-02
4.937555E-02
4.943918E-02
4.950291E-02
4.956674E-02
4.963067E-02
4.969470E-02
4.975884E-02
4.982308E-02
4.988742E-02
4.995187E-02
5.001641E-02
5.008106E-02
5.014582E-02
5.021068E-02
5.027564E-02
5.034071E-02
5.040588E-02
5.047116E-02
5.053654E-02
5.060203E-02
5.066763E-02
5.073333E-02
5.079914E-02
5.086506E-02
5.093108E-02
5.099721E-02
5.106345E-02
5.112980E-02
5.119625E-02
5.126282E-02
5.132949E-02
5.139628E-02
5.146317E-02
5.153018E-02
5.159729E-02
5.166452E-02
5.173186E-02
5.179931E-02
5.186687E-02
5.193455E-02
5.200233E-02
5.207023E-02
5.213825E-02
5.220637E-02
5.227462E-02
5.234297E-02
5.241144E-02
5.248003E-02
5.254873E-02
5.261755E-02
5.268648E-02
5.275553E-02
5.282470E-02
5.289398E-02
5.296339E-02
5.303291E-02
5.310255E-02
5.317231E-02
5.324218E-02
5.331218E-02
5.338230E-02
5.345254E-02
5.352290E-02
5.359338E-02
5.366398E-02
5.373470E-02
5.380555E-02
5.387652E-02
5.394761E-02
5.401882E-02
5.409016E-02
5.416163E-02
5.423322E-02
5.430493E-02
5.437677E-02
5.444874E-02
5.452084E-02
5.459306E-02
5.466540E-02
5.473788E-02
5.481048E-02
5.488322E-02
5.495608E-02
5.502907E-02
5.510219E-02
5.517545E-02
5.524883E-02
5.532235E-02
5.539599E-02
5.546977E-02
5.554369E-02
5.561773E-02
5.569191E-02
5.576623E-02
5.584067E-02
5.591526E-02
5.598998E-02
5.606483E-02
5.613983E-02
5.621496E-02
5.629023E-02
5.636563E-02
5.644118E-02
5.651686E-02
5.659269E-02
5.666865E-02
5.674475E-02
5.682100E-02
5.689739E-02
5.697392E-02
5.705059E-02
5.712741E-02
5.720437E-02
5.728148E-02
5.735873E-02
5.743612E-02
5.751366E-02
5.759135E-02
5.766919E-02
5.774717E-02
5.782531E-02
5.790359E-02
5.798202E-02
5.806060E-02
5.813933E-02
5.821822E-02
5.829725E-02
5.837644E-02
5.845578E-02
5.853527E-02
5.861492E-02
5.869473E-02
5.877469E-02
5.885480E-02
5.893507E-02
5.901550E-02
5.909609E-02
5.917684E-02
5.925774E-02
5.933881E-02
5.942004E-02
5.950143E-02
5.958298E-02
5.966469E-02
5.974656E-02
5.982860E-02
5.991081E-02
5.999318E-02
6.007572E-02
6.015842E-02
6.024129E-02
6.032433E-02
6.040754E-02
6.049091E-02
6.057446E-02
6.065818E-02
6.074207E-02
6.082613E-02
6.091037E-02
6.099478E-02
6.107936E-02
6.116413E-02
6.124906E-02
6.133418E-02
6.141947E-02
6.150494E-02
6.159059E-02
6.167642E-02
6.176243E-02
6.184863E-02
6.193500E-02
6.202156E-02
6.210831E-02
6.219524E-02
6.228235E-02
6.236965E-02
6.245714E-02
6.254482E-02
6.263269E-02
6.272075E-02
6.280900E-02
6.289744E-02
6.298607E-02
6.307490E-02
6.316393E-02
6.325314E-02
6.334256E-02
6.343217E-02
6.352199E-02
6.361200E-02
6.370221E-02
6.379262E-02
6.388324E-02
6.397406E-02
6.406508E-02
6.415631E-02
6.424775E-02
6.433939E-02
6.443124E-02
6.452330E-02
6.461557E-02
6.470805E-02
6.480075E-02
6.489365E-02
6.498678E-02
6.508012E-02
6.517367E-02
6.526745E-02
6.536144E-02
6.545565E-02
6.555009E-02
6.564474E-02
6.573962E-02
6.583473E-02
6.593006E-02
6.602562E-02
6.612140E-02
6.621742E-02
6.631366E-02
6.641014E-02
6.650685E-02
6.660380E-02
6.670098E-02
6.679840E-02
6.689606E-02
6.699395E-02
6.709209E-02
6.719047E-02
6.728909E-02
6.738795E-02
6.748707E-02
6.758643E-02
6.768604E-02
6.778589E-02
6.788600E-02
6.798637E-02
6.808698E-02
6.818786E-02
6.828899E-02
6.839038E-02
6.849203E-02
6.859394E-02
6.869611E-02
6.879855E-02
6.890125E-02
6.900423E-02
6.910747E-02
6.921098E-02
6.931476E-02
6.941882E-02
6.952316E-02
6.962777E-02
6.973266E-02
6.983783E-02
6.994328E-02
7.004902E-02
7.015504E-02
7.026135E-02
7.036795E-02
7.047484E-02
7.058202E-02
7.068950E-02
7.079727E-02
7.090534E-02
7.101371E-02
7.112238E-02
7.123136E-02
7.134064E-02
7.145023E-02
7.156013E-02
7.167033E-02
7.178086E-02
7.189170E-02
7.200285E-02
7.211432E-02
7.222612E-02
7.233824E-02
7.245068E-02
7.256346E-02
7.267656E-02
7.278999E-02
7.290376E-02
7.301787E-02
7.313231E-02
7.324710E-02
7.336223E-02
7.347770E-02
7.359352E-02
7.370969E-02
7.382622E-02
7.394310E-02
7.406033E-02
7.417793E-02
7.429589E-02
7.441421E-02
7.453290E-02
7.465197E-02
7.477140E-02
7.489121E-02
7.501140E-02
7.513197E-02
7.525292E-02
7.537425E-02
7.549598E-02
7.561810E-02
7.574061E-02
7.586352E-02
7.598683E-02
7.611054E-02
7.623466E-02
7.635919E-02
7.648413E-02
7.660949E-02
7.673526E-02
7.686146E-02
7.698808E-02
7.711513E-02
7.724261E-02
7.737052E-02
7.749888E-02
7.762767E-02
7.775691E-02
7.788659E-02
7.801673E-02
7.814733E-02
7.827838E-02
7.840989E-02
7.854187E-02
7.867432E-02
7.880725E-02
7.894065E-02
7.907453E-02
7.920890E-02
7.934376E-02
7.947911E-02
7.961495E-02
7.975130E-02
7.988815E-02
8.002552E-02
8.016339E-02
8.030179E-02
8.044071E-02
8.058015E-02
8.072013E-02
8.086064E-02
8.100169E-02
8.114329E-02
8.128544E-02
8.142814E-02
8.157141E-02
8.171524E-02
8.185963E-02
8.200460E-02
8.215016E-02
8.229629E-02
8.244302E-02
8.259034E-02
8.273827E-02
8.288680E-02
8.303594E-02
8.318570E-02
8.333608E-02
8.348709E-02
8.363874E-02
8.379103E-02
8.394397E-02
8.409756E-02
8.425180E-02
8.440672E-02
8.456231E-02
8.471857E-02
8.487552E-02
8.503316E-02
8.519151E-02
8.535055E-02
8.551031E-02
8.567079E-02
8.583200E-02
8.599394E-02
8.615662E-02
8.632005E-02
8.648424E-02
8.664919E-02
8.681492E-02
8.698143E-02
8.714872E-02
8.731681E-02
8.748571E-02
8.765542E-02
8.782596E-02
8.799732E-02
8.816953E-02
8.834258E-02
8.851650E-02
8.869128E-02
8.886694E-02
8.904348E-02
8.922093E-02
8.939928E-02
8.957855E-02
8.975874E-02
8.993988E-02
9.012196E-02
9.030500E-02
9.048902E-02
9.067402E-02
9.086001E-02
9.104700E-02
9.123502E-02
9.142406E-02
9.161414E-02
9.180528E-02
9.199749E-02
9.219078E-02
9.238516E-02
9.258064E-02
9.277725E-02
9.297499E-02
9.317388E-02
9.337394E-02
9.357517E-02
9.377759E-02
9.398123E-02
9.418608E-02
9.439218E-02
9.459953E-02
9.480816E-02
9.501808E-02
9.522930E-02
9.544184E-02
9.565573E-02
9.587098E-02
9.608761E-02
9.630564E-02
9.652508E-02
9.674597E-02
9.696831E-02
9.719212E-02
9.741744E-02
9.764428E-02
9.787266E-02
9.810261E-02
9.833414E-02
9.856729E-02
9.880207E-02
9.903851E-02
9.927664E-02
9.951648E-02
9.975805E-02
1.000014E-01
1.002465E-01
1.004935E-01
1.007423E-01
1.009929E-01
1.012455E-01
1.015000E-01
1.017565E-01
1.020150E-01
1.022755E-01
1.025381E-01
1.028028E-01
1.030696E-01
1.033386E-01
1.036098E-01
1.038833E-01
1.041591E-01
1.044371E-01
1.047176E-01
1.050005E-01
1.052858E-01
1.055736E-01
1.058640E-01
1.061569E-01
1.064525E-01
1.067508E-01
1.070518E-01
1.073557E-01
1.076623E-01
1.079719E-01
1.082844E-01
1.086000E-01
1.089186E-01
1.092404E-01
1.095654E-01
1.098937E-01
1.102252E-01
1.105602E-01
1.108987E-01
1.112408E-01
1.115864E-01
1.119358E-01
1.122890E-01
1.126461E-01
1.130071E-01
1.133721E-01
1.137414E-01
1.141148E-01
1.144926E-01
1.148749E-01
1.152617E-01
1.156532E-01
1.160494E-01
1.164506E-01
1.168567E-01
1.172680E-01
1.176846E-01
1.181066E-01
1.185342E-01
1.189674E-01
1.194066E-01
1.198517E-01
1.203030E-01
1.207607E-01
1.212249E-01
1.216958E-01
1.221737E-01
1.226586E-01
1.231509E-01
1.236508E-01
1.241584E-01
1.246741E-01
1.251981E-01
1.257306E-01
1.262719E-01
1.268224E-01
1.273822E-01
1.279518E-01
1.285315E-01
1.291216E-01
1.297225E-01
1.303346E-01
1.309584E-01
1.315941E-01
1.322423E-01
1.329036E-01
1.335783E-01
1.342670E-01
1.349704E-01
1.356890E-01
1.364234E-01
1.371744E-01
1.379426E-01
1.387289E-01
1.395341E-01
1.403591E-01
1.412048E-01
1.420722E-01
1.429625E-01
1.438768E-01
1.448163E-01
1.457824E-01
1.467766E-01
1.478005E-01
1.488557E-01
1.499442E-01
1.510680E-01
1.522293E-01
1.534306E-01
1.546744E-01
1.559638E-01
