1.200982401385813780e+01
1.177707104662374249e+01
1.154877668459478102e+01
1.132485551893365816e+01
1.110522377689057372e+01
1.088979929046269035e+01
1.067850146565368163e+01
1.047125125232212994e+01
1.026797111460751921e+01
1.006858500192272565e+01
9.873018320502206180e+00
9.681197905495180223e+00
9.493051993593404347e+00
9.308510196183290120e+00
9.127503473012309243e+00
8.949964106359864502e+00
8.775825675702915163e+00
8.605023032866927934e+00
8.437492277652824058e+00
8.273170733930813370e+00
8.111996926192190926e+00
7.953910556550281008e+00
7.798852482181978907e+00
7.646764693201389740e+00
7.497590290957342418e+00
7.351273466746633289e+00
7.207759480935019170e+00
7.066994642478197086e+00
6.928926288835051572e+00
6.793502766265698156e+00
6.660673410506934289e+00
6.530388527817871491e+00
6.402599376388644181e+00
6.277258148105278046e+00
6.154317950663836356e+00
6.033732790027220183e+00
5.915457553218003817e+00
5.799447991440892736e+00
5.685660703528496285e+00
5.574053119704199588e+00
5.464583485656085315e+00
5.357210846915931413e+00
5.251895033537430812e+00
5.148596645067939015e+00
5.047277035808074075e+00
4.947898300353712919e+00
4.850423259414921695e+00
4.754815445906539928e+00
4.661039091305228865e+00
4.569059112267847667e+00
4.478841097506172098e+00
4.390351294913048541e+00
4.303556598935135646e+00
4.218424538187568018e+00
4.134923263305840813e+00
4.053021535030423728e+00
3.972688712519609311e+00
3.893894741886260835e+00
3.816610144954122763e+00
3.740806008229542012e+00
3.666453972084428692e+00
3.593526220146429750e+00
3.521995468892353376e+00
3.451834957440929941e+00
3.383018437541107204e+00
3.315520163752133431e+00
3.249314883811741606e+00
3.184377829188847375e+00
3.120684705817216908e+00
3.058211685006638536e+00
2.996935394528201346e+00
2.936832909870343400e+00
2.877881745662398405e+00
2.820059847262435415e+00
2.763345582506232745e+00
2.707717733614322775e+00
2.653155489254046984e+00
2.599638436753688886e+00
2.547146554465735235e+00
2.495660204276439309e+00
2.445160124258864975e+00
2.395627421466666185e+00
2.347043564865914700e+00
2.299390378402322188e+00
2.252650034201264972e+00
2.206805045898073026e+00
2.161838262096074104e+00
2.117732859949972291e+00
2.074472338872124677e+00
2.032040514359391370e+00
1.990421511938236909e+00
1.949599761225814687e+00
1.909559990104818139e+00
1.870287219009925561e+00
1.831766755323682494e+00
1.793984187879741343e+00
1.756925381571404099e+00
1.720576472063422901e+00
1.684923860605129331e+00
1.649954208942896683e+00
1.615654434330079825e+00
1.582011704632526605e+00
1.549013433527862027e+00
1.516647275796725980e+00
1.484901122704219922e+00
1.453763097469813026e+00
1.423221550824044890e+00
1.393265056650323297e+00
1.363882407710225841e+00
1.335062611450678283e+00
1.306794885891449320e+00
1.279068655591429904e+00
1.251873547692174515e+00
1.225199388037243819e+00
1.199036197365870970e+00
1.173374187579555583e+00
1.148203758080162951e+00
1.123515492178177810e+00
1.099300153569758187e+00
1.075548682881279250e+00
1.052252194280060671e+00
1.029401972150027822e+00
1.006989467831049367e+00
9.850062964207366711e-01
9.634442336375091953e-01
9.422952127437467240e-01
9.215513215278887671e-01
9.012047993443343952e-01
8.812480342100590391e-01
8.616735599568341453e-01
8.424740534380111834e-01
8.236423317888023066e-01
8.051713497390498020e-01
7.870541969774689228e-01
7.692840955663835523e-01
7.518543974059810342e-01
7.347585817471435909e-01
7.179902527519281819e-01
7.015431371007690986e-01
6.854110816455253330e-01
6.695880511074789876e-01
6.540681258194362968e-01
6.388454995110773860e-01
6.239144771367320930e-01
6.092694727447638403e-01
5.949050073877716338e-01
5.808157070728185989e-01
5.669963007509334352e-01
5.534416183451164040e-01
5.401465888161264273e-01
5.271062382653203260e-01
5.143156880738274372e-01
5.017701530773794882e-01
4.894649397760948428e-01
4.773954445785622003e-01
4.655571520795562246e-01
4.539456333707479474e-01
4.425565443837738422e-01
4.313856242650462303e-01
4.204286937816927860e-01
4.096816537580370010e-01
3.991404835420219177e-01
3.888012395010197464e-01
3.786600535464481054e-01
3.687131316866525399e-01
3.589567526075108095e-01
3.493872662802218754e-01
3.400010925957712704e-01
3.307947200255484943e-01
3.217647043076250490e-01
3.129076671581961788e-01
3.042202950077075863e-01
2.956993377611917273e-01
2.873416075823522764e-01
2.791439777009384060e-01
2.711033812429685663e-01
2.632168100833577884e-01
2.554813137205287910e-01
2.478939981725771791e-01
2.404520248945836713e-01
2.331526097166664313e-01
2.259930218023733506e-01
2.189705826270320344e-01
2.120826649756652749e-01
2.053266919601067220e-01
1.987001360549414397e-01
1.922005181519161054e-01
1.858254066324615539e-01
1.795724164579833304e-01
1.734392082775766952e-01
1.674234875528367583e-01
1.615230036994305118e-01
1.557355492451161227e-01
1.500589590038892696e-01
1.444911092659495189e-01
1.390299170031847609e-01
1.336733390898733886e-01
1.284193715383177281e-01
1.232660487491162027e-01
1.182114427758001185e-01
1.132536626035544058e-01
